Hamming_loss: 0.16124755378173197
Exact_match: 0.0
Accuracy: 0.2758953012175749
Averaging: 0.3715492491452809