Missed cluster: 2
Hamming_loss: 0.1892269047716717
Exact_match: 0.0
Accuracy: 0.26973082754768446
Averaging: 0.36016797425867086