Missed cluster: 2
Hamming_loss: 0.16393753883409057
Exact_match: 0.0
Accuracy: 0.2716961564118766
Averaging: 0.3692528725259287