Missed cluster: 5
Hamming_loss: 0.16435825994730355
Exact_match: 0.0
Accuracy: 0.2731655490798588
Averaging: 0.3696024297108518