Missed cluster: 5
Hamming_loss: 0.1614195790508911
Exact_match: 0.0
Accuracy: 0.27885470336696755
Averaging: 0.37247837477202544