Missed cluster: 2
Missed cluster: 3
Hamming_loss: 0.16302175540582203
Exact_match: 0.0
Accuracy: 0.2807565948409259
Averaging: 0.37257827981170133