Missed cluster: 0
Missed cluster: 2
Hamming_loss: 0.16675618659395164
Exact_match: 0.0
Accuracy: 0.2659913018681578
Averaging: 0.366411705091402