Missed cluster: 0
Hamming_loss: 0.16325320961943515
Exact_match: 0.0
Accuracy: 0.27271699455855697
Averaging: 0.36982126164637386