Missed cluster: 0
Missed cluster: 7
Hamming_loss: 0.197630676289042
Exact_match: 0.0
Accuracy: 0.2720933323296113
Averaging: 0.3581542186801898