Missed cluster: 0
Missed cluster: 7
Hamming_loss: 0.1653593447400975
Exact_match: 0.0
Accuracy: 0.27335327468887055
Averaging: 0.3693313099829243