Missed cluster: 2
Missed cluster: 3
Hamming_loss: 0.18213562297792787
Exact_match: 0.0
Accuracy: 0.27890159293822353
Averaging: 0.3655886566534319